#RPLIDAR SCAN DATA
#COUNT=806
#Angule	Distance	Quality
356.4954 293.0 188
359.0771 503.0 188
359.4012 503.0 188
359.7308 503.0 188
0.0439 503.0 188
0.3735 503.0 188
0.7031 503.0 188
1.0272 503.0 188
1.3403 503.0 188
1.6699 503.0 188
1.9995 503.0 188
2.3236 503.0 188
2.6367 504.0 188
2.9663 504.0 188
3.2959 504.0 188
3.6200 504.0 188
3.9331 504.0 188
4.2627 504.0 188
4.5923 505.0 188
4.9054 506.0 188
5.2295 508.0 188
5.5591 512.0 188
6.2018 507.0 188
6.5259 502.0 188
6.8555 504.0 188
7.1851 507.0 188
7.4982 508.0 188
7.8278 508.0 188
8.1519 509.0 188
8.4814 509.0 188
8.7946 510.0 188
9.1241 510.0 188
9.4482 511.0 188
9.7614 510.0 188
10.0909 512.0 188
10.4205 512.0 188
10.7446 512.0 188
11.0138 514.0 188
11.3269 514.0 188
11.6510 514.0 188
11.9806 514.0 188
12.3102 516.0 188
12.6233 518.0 188
12.9529 522.0 188
13.8702 526.0 188
16.1829 514.0 188
16.4520 526.0 188
16.7761 534.0 188
17.8088 520.0 188
18.0780 526.0 188
18.4021 532.0 188
18.6713 536.0 188
24.5270 185.0 188
24.8566 186.0 188
25.4993 185.0 188
22.6044 530.0 188
25.9497 574.0 188
26.3232 570.0 188
26.6528 568.0 188
26.9824 568.0 188
27.3120 566.0 188
27.6196 566.0 188
28.2788 566.0 188
30.1080 596.0 188
30.4321 594.0 188
30.7452 592.0 188
31.0748 592.0 188
31.4044 594.0 188
31.7340 596.0 188
32.0416 598.0 188
32.3273 600.0 188
32.6514 604.0 188
32.9645 606.0 188
33.2941 608.0 188
33.6237 610.0 188
33.9478 612.0 188
34.2773 614.0 188
34.5465 618.0 188
34.8706 620.0 188
35.2002 622.0 188
35.5298 624.0 188
35.8594 628.0 188
36.1835 630.0 188
36.4526 632.0 188
36.7767 636.0 188
37.1063 638.0 188
37.7655 642.0 188
38.9026 588.0 188
39.8859 586.0 188
40.2649 580.0 188
40.5890 580.0 188
40.8582 586.0 188
41.1823 586.0 188
41.5118 586.0 188
41.8414 588.0 188
42.1710 592.0 188
42.4951 590.0 188
42.8247 590.0 188
43.7915 592.0 188
44.0607 712.0 188
44.3903 718.0 188
45.4340 592.0 188
45.7635 594.0 188
46.5601 746.0 188
47.2137 752.0 188
55.8875 150.0 188
57.2168 140.0 188
59.0460 129.0 188
60.5457 135.0 188
60.7654 136.0 188
61.0291 137.0 188
61.3586 137.0 188
62.3419 137.0 188
67.9834 161.0 188
68.3075 161.0 188
68.6371 161.0 188
68.9667 161.0 188
69.3402 160.0 188
69.7302 159.0 188
70.0598 159.0 188
70.4333 158.0 188
70.8234 157.0 188
71.1365 157.0 188
71.4661 157.0 188
71.7957 157.0 188
72.0593 158.0 188
72.3230 159.0 188
72.5922 160.0 188
72.8558 161.0 188
73.1854 161.0 188
73.5150 161.0 188
73.7787 162.0 188
74.0424 163.0 188
74.3719 163.0 188
74.6851 163.0 188
75.0146 163.0 188
75.2783 164.0 188
75.6079 164.0 188
76.2451 165.0 188
72.0428 480.0 188
72.6855 480.0 188
81.0297 644.0 188
81.3593 646.0 188
81.6229 654.0 188
81.9525 662.0 188
82.2162 668.0 188
82.5458 678.0 188
82.8094 688.0 188
83.1390 684.0 188
83.5126 682.0 188
83.7762 690.0 188
84.4354 702.0 188
84.8749 660.0 188
85.1825 656.0 188
85.5121 656.0 188
85.8417 662.0 188
86.1713 660.0 188
86.4844 652.0 188
86.8085 648.0 188
87.1381 648.0 188
87.4512 650.0 188
87.7808 652.0 188
88.1049 654.0 188
88.4344 654.0 188
88.7476 656.0 188
89.0771 656.0 188
89.4012 656.0 188
89.7308 658.0 188
90.0439 662.0 188
90.3735 664.0 188
90.6372 666.0 188
91.2964 670.0 188
92.2961 510.0 188
92.6093 505.0 188
92.9993 501.0 188
93.3124 496.0 188
93.6365 492.0 188
94.0155 490.0 188
94.3396 489.0 188
94.6692 489.0 188
94.9988 489.0 188
95.3119 489.0 188
95.6360 489.0 188
95.9656 489.0 188
96.2787 490.0 188
96.6083 491.0 188
96.8719 492.0 188
97.2015 494.0 188
97.5146 496.0 188
97.8387 498.0 188
98.1683 501.0 188
98.4375 506.0 188
98.7012 514.0 188
99.6405 694.0 188
99.9646 700.0 188
100.2942 702.0 188
100.5579 704.0 188
100.8710 704.0 188
101.2006 706.0 188
101.5302 706.0 188
101.8542 706.0 188
102.1674 706.0 188
102.4969 708.0 188
102.8265 708.0 188
103.1396 710.0 188
103.4637 710.0 188
103.7933 712.0 188
104.1064 714.0 188
104.4360 716.0 188
104.7656 716.0 188
105.0732 718.0 188
105.4028 720.0 188
105.7324 720.0 188
106.0455 720.0 188
106.3092 724.0 188
106.6388 726.0 188
106.9684 728.0 188
107.2760 728.0 188
107.6056 728.0 188
107.9352 728.0 188
108.2483 732.0 188
108.5779 734.0 188
108.9020 738.0 188
109.2316 740.0 188
109.5447 742.0 188
109.8743 744.0 188
110.1984 744.0 188
110.5115 744.0 188
110.8411 744.0 188
111.1047 748.0 188
111.4343 752.0 188
111.7474 752.0 188
112.0770 748.0 188
112.4506 744.0 188
112.7802 742.0 188
113.1042 742.0 188
113.4174 742.0 188
113.7469 742.0 188
114.0765 742.0 188
114.3896 744.0 188
114.7137 744.0 188
114.9829 746.0 188
115.3125 748.0 188
115.6201 752.0 188
115.9497 754.0 188
116.2793 756.0 188
116.5924 758.0 188
116.9165 762.0 188
117.2461 764.0 188
117.5153 770.0 188
118.1525 778.0 188
118.9490 1098.0 188
119.2621 1106.0 188
119.5917 1114.0 188
119.8553 1118.0 188
120.1849 1120.0 188
120.5145 1122.0 188
120.8276 1130.0 188
121.1517 1138.0 188
121.4813 1152.0 188
122.5909 1984.0 188
122.9041 1990.0 188
123.2336 2000.0 188
123.5577 2008.0 188
123.8873 2016.0 188
124.2004 2022.0 188
124.5300 2026.0 188
124.8431 2038.0 188
125.8099 2048.0 188
127.5293 656.0 188
127.8589 648.0 188
128.2324 646.0 188
128.5620 644.0 188
128.8696 642.0 188
129.1992 638.0 188
129.5123 636.0 188
129.8419 632.0 188
130.2155 630.0 188
130.5450 628.0 188
130.8582 626.0 188
131.1823 622.0 188
131.5118 618.0 188
131.8854 614.0 188
132.1985 612.0 188
132.5281 608.0 188
132.8577 604.0 188
133.1708 602.0 188
133.5443 598.0 188
133.8739 592.0 188
134.1980 590.0 188
134.5111 586.0 188
134.8901 580.0 188
135.2142 574.0 188
135.5933 570.0 188
135.9174 568.0 188
136.2305 568.0 188
136.5601 566.0 188
136.8896 564.0 188
137.2028 564.0 188
137.5269 562.0 188
137.8400 560.0 188
138.1696 560.0 188
138.5431 558.0 188
138.8727 558.0 188
139.1858 558.0 188
139.5154 556.0 188
139.8395 556.0 188
140.1526 556.0 188
140.4822 556.0 188
140.7953 556.0 188
141.1249 554.0 188
141.4490 554.0 188
141.7621 554.0 188
142.0917 554.0 188
142.4048 554.0 188
142.7344 554.0 188
143.0585 552.0 188
143.3716 554.0 188
143.7012 554.0 188
144.0143 554.0 188
144.3384 552.0 188
144.6680 552.0 188
144.9811 552.0 188
145.3107 552.0 188
145.6403 552.0 188
145.9479 554.0 188
146.2775 554.0 188
146.5906 556.0 188
146.9202 558.0 188
147.1838 562.0 188
147.5134 564.0 188
147.8265 566.0 188
148.1561 570.0 188
148.4198 572.0 188
148.7329 574.0 188
149.0625 576.0 188
149.3866 578.0 188
149.6997 580.0 188
150.0293 582.0 188
150.2930 586.0 188
150.6061 588.0 188
150.9357 592.0 188
151.2653 596.0 188
151.5289 602.0 188
151.8420 614.0 188
152.1057 626.0 188
152.3749 640.0 188
152.6385 650.0 188
152.9681 662.0 188
153.2318 672.0 188
154.1382 684.0 188
154.4952 812.0 188
154.8248 812.0 188
155.1544 810.0 188
155.4675 810.0 188
155.7916 808.0 188
156.1212 806.0 188
156.4343 804.0 188
156.7639 802.0 188
157.0935 802.0 188
157.4176 800.0 188
157.7307 800.0 188
158.0603 800.0 188
158.3899 800.0 188
158.7140 798.0 188
159.0271 796.0 188
159.3567 798.0 188
159.6863 804.0 188
160.6531 808.0 188
161.3232 1888.0 188
161.6364 1884.0 188
161.9659 1880.0 188
162.2955 1874.0 188
162.6196 1872.0 188
162.9327 1870.0 188
163.2623 1866.0 188
163.5919 1864.0 188
163.9050 1862.0 188
164.2291 1860.0 188
164.5587 1856.0 188
164.8883 1854.0 188
165.2014 1854.0 188
165.5310 1852.0 188
165.8551 1848.0 188
166.1847 1846.0 188
166.4978 1844.0 188
166.8274 1844.0 188
167.1515 1840.0 188
167.4646 1836.0 188
167.7942 1832.0 188
168.1238 1830.0 188
168.4479 1828.0 188
168.7610 1826.0 188
169.0906 1826.0 188
169.4202 1822.0 188
169.7498 1820.0 188
170.0574 1818.0 188
170.3870 1818.0 188
170.7166 1818.0 188
171.3593 1812.0 188
171.7493 1664.0 188
172.3865 1716.0 188
172.7161 1718.0 188
173.3093 1808.0 188
173.6224 1808.0 188
173.9520 1806.0 188
174.2761 1806.0 188
174.6057 1806.0 188
174.9188 1806.0 188
175.2484 1804.0 188
175.5780 1804.0 188
175.8856 1802.0 188
176.2152 1802.0 188
176.5448 1802.0 188
176.8744 1802.0 188
177.1875 1802.0 188
177.5116 1802.0 188
177.8412 1800.0 188
178.1708 1802.0 188
178.4839 1800.0 188
179.1376 1802.0 188
179.8901 1636.0 188
180.1538 1664.0 188
180.7471 1794.0 188
181.0767 1800.0 188
181.4063 1802.0 188
181.7303 1802.0 188
182.0435 1804.0 188
182.3730 1804.0 188
182.7026 1804.0 188
183.0103 1806.0 188
183.3398 1806.0 188
183.6694 1806.0 188
183.9990 1806.0 188
184.3121 1808.0 188
184.6362 1808.0 188
184.9658 1810.0 188
185.2954 1810.0 188
185.6085 1812.0 188
185.9326 1812.0 188
186.2622 1812.0 188
186.5918 1814.0 188
186.9214 1816.0 188
187.2290 1816.0 188
187.8882 1818.0 188
188.6517 1540.0 188
189.0308 1536.0 188
189.3549 1534.0 188
189.6405 1538.0 188
189.9481 1540.0 188
190.9369 1544.0 188
191.4642 1842.0 188
191.7938 1846.0 188
192.1234 1848.0 188
192.4530 1850.0 188
192.7771 1852.0 188
193.1067 1856.0 188
193.4198 1858.0 188
193.7494 1860.0 188
194.0735 1862.0 188
194.4031 1864.0 188
194.7327 1868.0 188
195.0623 1870.0 188
195.3864 1872.0 188
195.6995 1876.0 188
196.0291 1878.0 188
196.3586 1882.0 188
196.6827 1886.0 188
197.0123 1890.0 188
197.2760 1892.0 188
197.6056 1898.0 188
197.9352 1904.0 188
198.2648 1908.0 188
198.5779 1910.0 188
198.9020 1912.0 188
199.2316 1916.0 188
199.5612 1920.0 188
199.8853 1924.0 188
200.2148 1926.0 188
200.5280 1930.0 188
200.8575 1936.0 188
201.1871 1928.0 188
201.5112 1926.0 188
201.8408 1912.0 188
202.1704 1892.0 188
202.5000 1894.0 188
202.8076 1896.0 188
203.1372 1900.0 188
203.4668 1908.0 188
203.7964 1912.0 188
204.1205 1916.0 188
204.4501 1918.0 188
205.4169 1932.0 188
205.7465 1950.0 188
206.4056 1944.0 188
207.7020 1902.0 188
208.4052 1862.0 188
208.7292 1832.0 188
209.3884 1818.0 188
210.4211 1640.0 188
211.4484 1622.0 188
213.3545 1748.0 188
216.8097 596.0 188
217.7930 598.0 188
216.9360 1654.0 188
217.2656 1668.0 188
218.6060 1548.0 188
219.2651 1548.0 188
221.2646 620.0 188
221.5778 618.0 188
222.6050 612.0 188
223.5938 608.0 188
223.7915 632.0 188
224.1870 624.0 188
224.5111 626.0 188
224.8242 630.0 188
225.4175 638.0 188
230.0153 214.0 188
230.3394 215.0 188
230.6689 214.0 188
230.9985 214.0 188
231.3721 213.0 188
231.7017 213.0 188
232.0313 212.0 188
232.4048 211.0 188
232.7344 211.0 188
233.1079 210.0 188
233.4375 210.0 188
233.7616 209.0 188
234.1406 208.0 188
234.5306 206.0 188
234.9042 204.0 188
235.1678 206.0 188
235.7611 207.0 188
237.6068 211.0 188
237.8705 213.0 188
238.2001 212.0 188
238.6395 210.0 188
239.0735 206.0 188
239.5734 200.0 188
239.9524 199.0 188
240.2161 201.0 188
240.8093 203.0 188
241.4026 204.0 188
241.6718 205.0 188
241.9958 205.0 188
242.3254 205.0 188
242.6550 205.0 188
243.0286 204.0 188
243.4186 202.0 188
243.7921 201.0 188
244.1711 199.0 188
244.5612 197.0 188
244.8853 197.0 188
245.1984 197.0 188
245.5884 196.0 188
245.9180 196.0 188
246.2311 196.0 188
246.6211 195.0 188
246.9507 195.0 188
247.2638 195.0 188
247.5934 195.0 188
247.9175 194.0 188
248.2471 194.0 188
248.5767 194.0 188
248.8898 194.0 188
249.2139 194.0 188
249.5435 194.0 188
249.9170 193.0 188
250.2466 193.0 188
250.5762 193.0 188
250.9058 193.0 188
251.2299 193.0 188
251.5430 193.0 188
251.8726 193.0 188
252.2021 193.0 188
252.5757 192.0 188
252.8558 193.0 188
253.1689 193.0 188
253.5590 192.0 188
253.8885 192.0 188
254.2017 192.0 188
254.5313 192.0 188
254.8553 192.0 188
255.1849 192.0 188
255.4980 192.0 188
255.8276 192.0 188
256.1517 192.0 188
256.4648 192.0 188
256.7944 192.0 188
257.1240 192.0 188
257.3877 193.0 188
257.6514 194.0 188
260.8704 332.0 188
261.1395 334.0 188
261.4526 335.0 188
261.7767 334.0 188
262.1063 334.0 188
262.4194 334.0 188
262.7490 333.0 188
263.0731 333.0 188
263.3862 333.0 188
263.7158 333.0 188
264.0454 333.0 188
264.4189 332.0 188
264.7485 332.0 188
265.0616 332.0 188
265.3857 332.0 188
265.7153 332.0 188
266.0449 331.0 188
266.3580 331.0 188
266.6821 331.0 188
267.0117 331.0 188
267.3248 331.0 188
267.6544 331.0 188
267.9840 331.0 188
268.2916 331.0 188
268.6212 331.0 188
268.9508 331.0 188
269.2639 331.0 188
269.5935 331.0 188
269.9176 331.0 188
270.2307 332.0 188
270.5603 332.0 188
270.8240 333.0 188
271.1536 333.0 188
271.4667 333.0 188
271.7963 334.0 188
272.1204 335.0 188
272.4335 336.0 188
272.7631 336.0 188
273.0267 337.0 188
273.3563 338.0 188
273.6859 339.0 188
273.9990 340.0 188
274.2627 342.0 188
274.5923 343.0 188
274.9219 344.0 188
275.2295 346.0 188
275.4987 348.0 188
275.8228 350.0 188
276.0919 352.0 188
276.4215 354.0 188
276.6852 357.0 188
277.0148 361.0 188
277.2784 365.0 188
277.5421 372.0 188
279.0308 688.0 188
279.3549 690.0 188
279.6844 696.0 188
280.6512 698.0 188
283.5132 388.0 188
283.8428 387.0 188
284.1064 391.0 188
284.4196 395.0 188
284.7491 395.0 188
285.0732 395.0 188
288.9349 308.0 188
287.3859 708.0 188
288.3856 1026.0 188
288.6987 1028.0 188
289.0283 1030.0 188
289.3579 1032.0 188
289.6875 1034.0 188
289.9951 1036.0 188
290.6543 1038.0 188
291.9946 996.0 188
292.3242 990.0 188
292.6373 990.0 188
292.9669 992.0 188
293.2965 996.0 188
293.6041 998.0 188
293.9337 1002.0 188
294.2633 1004.0 188
294.5764 1006.0 188
294.9060 1008.0 188
295.2301 1010.0 188
295.5432 1014.0 188
295.8728 1016.0 188
296.2024 1018.0 188
296.5265 1004.0 188
296.8396 984.0 188
297.4988 986.0 188
297.8723 952.0 188
298.2458 942.0 188
298.5754 932.0 188
298.9050 922.0 188
299.2181 914.0 188
299.5917 908.0 188
299.9213 902.0 188
300.2454 894.0 188
300.5750 886.0 188
300.8881 882.0 188
301.2177 884.0 188
301.5417 888.0 188
301.8549 892.0 188
302.1844 894.0 188
302.5140 896.0 188
303.4808 886.0 188
304.4531 882.0 188
304.8267 876.0 188
305.1563 868.0 188
305.4639 862.0 188
306.4362 856.0 188
307.4634 824.0 188
307.8424 816.0 188
308.1665 806.0 188
308.4961 802.0 188
308.8092 796.0 188
309.1992 792.0 188
309.5123 786.0 188
309.8419 780.0 188
310.1715 774.0 188
310.5450 768.0 188
310.8746 764.0 188
311.1823 758.0 188
311.5118 754.0 188
312.4841 748.0 188
313.1982 628.0 188
314.3573 503.0 188
314.7308 495.0 188
315.3735 495.0 188
316.4996 612.0 188
316.7633 622.0 188
317.8894 672.0 188
318.2135 670.0 188
318.5266 666.0 188
318.9166 664.0 188
319.5593 660.0 188
321.5588 636.0 188
321.8884 634.0 188
322.2015 632.0 188
322.5916 630.0 188
322.9047 626.0 188
323.2343 624.0 188
323.5583 622.0 188
323.8715 620.0 188
324.2010 616.0 188
324.5746 614.0 188
324.9042 612.0 188
325.2338 610.0 188
325.5579 608.0 188
325.8710 604.0 188
326.2006 602.0 188
326.5741 598.0 188
326.9037 596.0 188
327.2333 596.0 188
327.5464 594.0 188
327.8705 590.0 188
328.2495 584.0 188
328.5132 586.0 188
328.8428 592.0 188
329.1669 588.0 188
329.5459 582.0 188
329.8700 578.0 188
330.1996 576.0 188
330.5127 576.0 188
330.8423 574.0 188
331.1719 572.0 188
331.5454 570.0 188
331.8750 568.0 188
332.1826 566.0 188
332.5122 564.0 188
332.8418 562.0 188
333.1714 562.0 188
333.4790 560.0 188
333.8745 558.0 188
334.1821 556.0 188
334.5117 554.0 188
334.8413 554.0 188
335.1544 552.0 188
335.4840 550.0 188
335.8081 550.0 188
336.1212 548.0 188
336.5112 546.0 188
336.8243 546.0 188
337.1539 544.0 188
337.4835 542.0 188
337.8076 542.0 188
338.1207 542.0 188
338.4503 544.0 188
339.1534 532.0 188
339.4171 536.0 188
339.7961 532.0 188
340.4498 528.0 188
343.2184 441.0 188
343.9215 437.0 188
344.4214 410.0 188
344.7455 412.0 188
345.0586 413.0 188
345.3882 414.0 188
345.7178 416.0 188
346.0419 416.0 188
346.9647 420.0 188
347.6074 423.0 188
347.8711 424.0 188
348.2007 427.0 188
348.8544 431.0 188
350.9033 298.0 188
351.2769 296.0 188
351.6064 295.0 188
352.2656 294.0 188
355.1825 293.0 188
355.5121 293.0 188
355.8417 293.0 188
356.1548 293.0 188
